base-case.txt  predevelopment head 
0,2.795639,7.1792,10.46687,12.65865,13.75454,13.75454
0,2.795639,7.1792,10.46687,12.65865,13.75454,13.75454
0,2.795639,7.1792,10.46687,12.65865,13.75454,13.75454
0,2.795639,7.1792,10.46687,12.65865,13.75454,13.75454
0,2.795639,7.1792,10.46687,12.65865,13.75454,13.75454
0,2.795639,7.1792,10.46687,12.65865,13.75454,13.75454
0,2.795639,7.1792,10.46687,12.65865,13.75454,13.75454
pump1.txt  drawdown matrix 
0,0.330387,1.000676,1.752327,2.700742,4.131255,4.131255
0,0.3303868,1.000676,1.752327,2.700743,4.131255,4.131255
0,0.3076552,0.9193137,1.555562,2.218647,2.822041,2.822041
0,0.2762686,0.8133615,1.331962,1.796241,2.116223,2.116223
0,0.2492751,0.7259019,1.162682,1.518133,1.730387,1.730386
0,0.2342335,0.6782889,1.074731,1.383223,1.556804,1.556804
0,0.2342337,0.6782892,1.074731,1.383223,1.556804,1.556804
pump2.txt  drawdown matrix 
0,0.3076554,0.919314,1.555562,2.218646,2.822041,2.822041
0,0.3076552,0.9193138,1.555562,2.218647,2.822041,2.822041
0,0.2990002,0.8947236,1.528726,2.278337,3.425436,3.425436
0,0.2806617,0.8318541,1.386282,1.940539,2.436205,2.436205
0,0.261227,0.7657485,1.244011,1.661331,1.942641,1.94264
0,0.2492751,0.7259019,1.162682,1.518133,1.730387,1.730386
0,0.2492754,0.7259022,1.162682,1.518133,1.730386,1.730386
pump3.txt  drawdown matrix 
0,0.2762689,0.8133618,1.331961,1.796241,2.116223,2.116223
0,0.2762687,0.8133616,1.331962,1.796241,2.116223,2.116223
0,0.2806617,0.8318541,1.386282,1.940539,2.436205,2.436205
0,0.2839586,0.8471106,1.440775,2.143427,3.251854,3.251854
0,0.2806617,0.8318541,1.386282,1.940539,2.436205,2.436205
0,0.2762686,0.8133615,1.331962,1.796241,2.116223,2.116223
0,0.2762689,0.8133618,1.331961,1.796241,2.116223,2.116223
pump4.txt  drawdown matrix 
0,0.2492754,0.7259022,1.162682,1.518133,1.730386,1.730386
0,0.2492752,0.725902,1.162682,1.518133,1.730387,1.730386
0,0.261227,0.7657485,1.244011,1.661331,1.942641,1.94264
0,0.2806617,0.8318541,1.386282,1.940539,2.436205,2.436205
0,0.2990002,0.8947236,1.528726,2.278337,3.425436,3.425436
0,0.3076552,0.9193137,1.555562,2.218647,2.822041,2.822041
0,0.3076554,0.919314,1.555562,2.218646,2.822041,2.822041
pump5.txt  drawdown matrix 
0,0.2342337,0.6782892,1.074731,1.383223,1.556804,1.556804
0,0.2342335,0.678289,1.074731,1.383223,1.556804,1.556804
0,0.2492751,0.7259019,1.162682,1.518133,1.730387,1.730386
0,0.2762686,0.8133615,1.331962,1.796241,2.116223,2.116223
0,0.3076552,0.9193137,1.555562,2.218647,2.822041,2.822041
0,0.3303868,1.000676,1.752327,2.700743,4.131255,4.131255
0,0.330387,1.000676,1.752327,2.700742,4.131255,4.131255
pump6.txt  drawdown matrix 
0,0.3531186,1.082038,1.949091,3.182838,2.700742,2.700742
0,0.3531184,1.082038,1.949091,3.182839,2.700742,2.700742
0,0.3163101,0.9439038,1.582398,2.158956,2.218646,2.218646
0,0.2718756,0.7948689,1.277641,1.651943,1.79624,1.79624
0,0.2373232,0.6860553,1.081353,1.374935,1.518133,1.518132
0,0.2191918,0.6306759,0.9867803,1.248312,1.383222,1.383222
0,0.2191921,0.6306762,0.9867803,1.248312,1.383222,1.383222
pump7.txt  drawdown matrix 
0,0.3163104,0.9439041,1.582398,2.158956,2.218646,2.218646
0,0.3163102,0.9439039,1.582398,2.158956,2.218646,2.218646
0,0.3086838,0.933003,1.644334,2.675825,2.278336,2.278336
0,0.2817578,0.8350902,1.38611,1.881948,1.940538,1.940538
0,0.2537442,0.7394895,1.183068,1.52532,1.66133,1.66133
0,0.2373232,0.6860553,1.081353,1.374935,1.518133,1.518132
0,0.2373235,0.6860555,1.081353,1.374935,1.518132,1.518132
pump8.txt  drawdown matrix 
0,0.2718758,0.7948692,1.277641,1.651943,1.79624,1.79624
0,0.2718756,0.794869,1.277641,1.651943,1.79624,1.79624
0,0.2817578,0.8350902,1.38611,1.881948,1.940538,1.940538
0,0.2905524,0.8776237,1.549762,2.549203,2.143426,2.143426
0,0.2817578,0.8350902,1.38611,1.881948,1.940538,1.940538
0,0.2718756,0.7948689,1.277641,1.651943,1.796241,1.79624
0,0.2718758,0.7948692,1.277641,1.651943,1.79624,1.79624
pump9.txt  drawdown matrix 
0,0.2373235,0.6860555,1.081353,1.374935,1.518132,1.518132
0,0.2373233,0.6860553,1.081353,1.374935,1.518132,1.518132
0,0.2537442,0.7394895,1.183068,1.52532,1.66133,1.66133
0,0.2817578,0.8350902,1.38611,1.881948,1.940538,1.940538
0,0.3086838,0.933003,1.644334,2.675825,2.278336,2.278336
0,0.3163101,0.9439038,1.582398,2.158956,2.218646,2.218646
0,0.3163104,0.9439041,1.582398,2.158956,2.218646,2.218646
pump10.txt  drawdown matrix 
0,0.2191921,0.6306762,0.9867803,1.248312,1.383222,1.383222
0,0.2191919,0.630676,0.9867803,1.248312,1.383222,1.383222
0,0.2373232,0.6860553,1.081353,1.374935,1.518133,1.518132
0,0.2718756,0.7948689,1.277641,1.651943,1.79624,1.79624
0,0.3163101,0.9439038,1.582398,2.158956,2.218646,2.218646
0,0.3531183,1.082038,1.949091,3.182839,2.700742,2.700742
0,0.3531186,1.082038,1.949091,3.182838,2.700742,2.700742
pump11.txt  drawdown matrix 
0,0.4126584,1.301535,2.51255,1.949091,1.752326,1.752326
0,0.4126582,1.301534,2.51255,1.949091,1.752326,1.752326
0,0.3325915,0.9793947,1.547298,1.582397,1.555561,1.555561
0,0.2576003,0.736155,1.11485,1.27764,1.33196,1.33196
0,0.2089504,0.5927744,0.8983084,1.081352,1.162681,1.162681
0,0.1860188,0.5276835,0.8042571,0.9867796,1.07473,1.07473
0,0.1860191,0.5276838,0.8042571,0.9867795,1.07473,1.07473
pump12.txt  drawdown matrix 
0,0.3325917,0.979395,1.547298,1.582397,1.555561,1.555561
0,0.3325915,0.9793948,1.547298,1.582397,1.555561,1.555561
0,0.337667,1.058295,2.080102,1.644333,1.528725,1.528725
0,0.2839416,0.8360141,1.330756,1.386109,1.386281,1.386281
0,0.2346687,0.6710641,1.020799,1.183067,1.24401,1.24401
0,0.2089504,0.5927744,0.8983084,1.081352,1.162681,1.162681
0,0.2089507,0.5927747,0.8983084,1.081352,1.162681,1.162681
pump13.txt  drawdown matrix 
0,0.2576005,0.7361552,1.11485,1.27764,1.33196,1.33196
0,0.2576003,0.736155,1.11485,1.27764,1.33196,1.33196
0,0.2839416,0.8360141,1.330756,1.386109,1.386281,1.386281
0,0.3147354,0.9932036,1.986051,1.549761,1.440774,1.440774
0,0.2839416,0.8360141,1.330756,1.386109,1.386281,1.386281
0,0.2576003,0.736155,1.11485,1.27764,1.33196,1.33196
0,0.2576005,0.7361552,1.11485,1.27764,1.33196,1.33196
pump14.txt  drawdown matrix 
0,0.2089507,0.5927747,0.8983084,1.081352,1.162681,1.162681
0,0.2089505,0.5927745,0.8983084,1.081352,1.162681,1.162681
0,0.2346687,0.6710641,1.020799,1.183067,1.24401,1.24401
0,0.2839416,0.8360141,1.330756,1.386109,1.386281,1.386281
0,0.337667,1.058294,2.080102,1.644333,1.528725,1.528725
0,0.3325915,0.9793947,1.547298,1.582397,1.555561,1.555561
0,0.3325917,0.979395,1.547298,1.582397,1.555561,1.555561
pump15.txt  drawdown matrix 
0,0.1860191,0.5276838,0.8042571,0.9867795,1.07473,1.07473
0,0.1860189,0.5276836,0.8042571,0.9867796,1.07473,1.07473
0,0.2089504,0.5927744,0.8983084,1.081352,1.162681,1.162681
0,0.2576003,0.736155,1.11485,1.27764,1.33196,1.33196
0,0.3325915,0.9793947,1.547298,1.582397,1.555561,1.555561
0,0.4126581,1.301534,2.51255,1.949091,1.752326,1.752326
0,0.4126584,1.301535,2.51255,1.949091,1.752326,1.752326
pump16.txt  drawdown matrix 
0,0.5522649,1.84317,1.301533,1.082036,1.000674,1.000674
0,0.5522647,1.84317,1.301533,1.082036,1.000674,1.000674
0,0.3437973,0.9359858,0.9793938,0.9439022,0.9193117,0.9193115
0,0.2169837,0.5775819,0.7361541,0.7948673,0.8133595,0.8133593
0,0.1548593,0.4212038,0.5927735,0.6860536,0.7258999,0.7258997
0,0.1299142,0.3596003,0.5276826,0.6306743,0.6782869,0.6782867
0,0.1299144,0.3596006,0.5276826,0.6306741,0.6782867,0.6782867
pump17.txt  drawdown matrix 
0,0.3437976,0.9359861,0.9793938,0.943902,0.9193115,0.9193115
0,0.3437974,0.9359859,0.9793938,0.9439022,0.9193117,0.9193115
0,0.425451,1.484766,1.058294,0.9330014,0.8947216,0.8947214
0,0.2816729,0.7796077,0.8360132,0.8350886,0.8318521,0.8318519
0,0.1920385,0.5159784,0.6710632,0.7394879,0.7657465,0.7657463
0,0.1548593,0.4212038,0.5927735,0.6860536,0.7258999,0.7258997
0,0.1548596,0.4212041,0.5927734,0.6860535,0.7258997,0.7258997
pump18.txt  drawdown matrix 
0,0.2169839,0.5775822,0.736154,0.7948671,0.8133593,0.8133593
0,0.2169837,0.577582,0.7361541,0.7948672,0.8133594,0.8133593
0,0.2816729,0.7796077,0.8360132,0.8350886,0.8318521,0.8318519
0,0.4005058,1.423163,0.9932027,0.877622,0.8471086,0.8471084
0,0.2816729,0.7796077,0.8360132,0.8350886,0.8318521,0.8318519
0,0.2169837,0.5775819,0.7361541,0.7948673,0.8133595,0.8133593
0,0.2169839,0.5775822,0.736154,0.7948671,0.8133593,0.8133593
pump19.txt  drawdown matrix 
0,0.1548596,0.4212041,0.5927734,0.6860535,0.7258997,0.7258997
0,0.1548594,0.4212039,0.5927735,0.6860536,0.7258998,0.7258997
0,0.1920386,0.5159784,0.6710632,0.7394879,0.7657465,0.7657463
0,0.2816729,0.7796077,0.8360132,0.8350886,0.8318521,0.8318519
0,0.425451,1.484766,1.058294,0.9330014,0.8947216,0.8947214
0,0.3437973,0.9359858,0.9793938,0.9439022,0.9193117,0.9193115
0,0.3437976,0.9359861,0.9793938,0.943902,0.9193115,0.9193115
pump20.txt  drawdown matrix 
0,0.1299144,0.3596006,0.5276826,0.6306741,0.6782867,0.6782867
0,0.1299142,0.3596004,0.5276826,0.6306742,0.6782868,0.6782867
0,0.1548593,0.4212038,0.5927735,0.6860536,0.7258999,0.7258997
0,0.2169837,0.5775819,0.7361541,0.7948673,0.8133595,0.8133593
0,0.3437973,0.9359858,0.9793938,0.9439022,0.9193117,0.9193115
0,0.5522646,1.84317,1.301533,1.082036,1.000674,1.000674
0,0.5522649,1.84317,1.301533,1.082036,1.000674,1.000674
pump21.txt  drawdown matrix 
0,0.9003386,0.5522642,0.4126565,0.3531159,0.3303839,0.3303839
0,0.9003384,0.552264,0.4126566,0.353116,0.330384,0.3303839
0,0.2733495,0.3437967,0.3325899,0.3163078,0.3076525,0.3076523
0,0.1116778,0.216983,0.2575987,0.2718733,0.2762659,0.2762658
0,0.063589,0.1548586,0.2089488,0.2373209,0.2492724,0.2492722
0,0.04886441,0.1299135,0.1860172,0.2191895,0.2342308,0.2342306
0,0.04886467,0.1299138,0.1860172,0.2191894,0.2342306,0.2342306
pump22.txt  drawdown matrix 
0,0.2733497,0.3437969,0.3325898,0.3163077,0.3076523,0.3076523
0,0.2733495,0.3437967,0.3325899,0.3163078,0.3076524,0.3076523
0,0.7386667,0.4254503,0.3376654,0.3086815,0.2989975,0.2989973
0,0.2252606,0.2816723,0.28394,0.2817555,0.280659,0.2806588
0,0.09695324,0.1920379,0.2346671,0.2537419,0.2612243,0.2612241
0,0.063589,0.1548586,0.2089488,0.2373209,0.2492724,0.2492722
0,0.06358926,0.1548589,0.2089488,0.2373208,0.2492722,0.2492722
pump23.txt  drawdown matrix 
0,0.1116781,0.2169833,0.2575987,0.2718731,0.2762658,0.2762658
0,0.1116779,0.2169831,0.2575987,0.2718732,0.2762659,0.2762658
0,0.2252607,0.2816723,0.28394,0.2817555,0.280659,0.2806588
0,0.7239421,0.4005052,0.3147338,0.2905501,0.2839559,0.2839557
0,0.2252606,0.2816723,0.28394,0.2817555,0.280659,0.2806588
0,0.1116778,0.216983,0.2575987,0.2718733,0.2762659,0.2762658
0,0.1116781,0.2169833,0.2575987,0.2718731,0.2762658,0.2762658
pump24.txt  drawdown matrix 
0,0.06358926,0.1548589,0.2089488,0.2373208,0.2492722,0.2492722
0,0.06358905,0.1548587,0.2089488,0.2373209,0.2492724,0.2492722
0,0.09695325,0.1920379,0.2346671,0.2537419,0.2612243,0.2612241
0,0.2252606,0.2816723,0.28394,0.2817555,0.280659,0.2806588
0,0.7386667,0.4254503,0.3376654,0.3086815,0.2989975,0.2989973
0,0.2733495,0.3437966,0.3325899,0.3163078,0.3076525,0.3076523
0,0.2733497,0.3437969,0.3325898,0.3163077,0.3076523,0.3076523
pump25.txt  drawdown matrix 
0,0.04886467,0.1299138,0.1860172,0.2191894,0.2342306,0.2342306
0,0.04886446,0.1299136,0.1860172,0.2191895,0.2342307,0.2342306
0,0.06358901,0.1548587,0.2089488,0.2373209,0.2492724,0.2492722
0,0.1116778,0.216983,0.2575987,0.2718733,0.2762659,0.2762658
0,0.2733495,0.3437966,0.3325899,0.3163078,0.3076525,0.3076523
0,0.9003384,0.5522639,0.4126566,0.3531161,0.3303841,0.3303839
0,0.9003386,0.5522642,0.4126565,0.3531159,0.3303839,0.3303839
