base-case.txt
[[0.0, 0.007659290221900977, 0.019669059254482882, 0.028676387172598298, 0.034681272958742036, 0.037683715967548805, 0.037683715967548805], [0.0, 0.007659289873717923, 0.01966905828173152, 0.02867638568565512, 0.034681271108700146, 0.037683713931326294, 0.037683715967548805], [0.0, 0.007659289604146461, 0.019669057528604664, 0.028676384534428945, 0.03468126967635446, 0.03768371235483522, 0.03768371432534305], [0.0, 0.007659289407953499, 0.01966905698048214, 0.02867638369657143, 0.03468126863389935, 0.037683711207471715, 0.03768371313015269], [0.0, 0.007659289280683539, 0.01966905662491622, 0.028676383153055027, 0.03468126795766093, 0.03768371046317943, 0.03768371235483522], [0.0, 0.007659289218593063, 0.01966905645144829, 0.02867638288789276, 0.03468126762774832, 0.03768371010006578, 0.03768371197658548], [0.0, 0.0076592895394678, 0.01966905734790587, 0.028676384258213616, 0.034681269332689724, 0.03768371197658548, 0.03768371197658548]]
pump1.txt
[[0.0, 2.465251988182108, 6.178523885726267, 8.714543250629065, 9.957907528734793, 9.623285411768402, 9.623285411768402], [0.0, 2.465251988181018, 6.178523885723221, 8.71454325062441, 9.957907528729002, 9.623285411762026, 9.623285411768402], [0.0, 2.4879835765095146, 6.259886007394686, 8.911307926447149, 10.440003512823896, 10.93249891121449, 10.932498911220659], [0.0, 2.5193701329486102, 6.365838229932572, 9.134908523976705, 10.8624092739344, 11.638317398086455, 11.638317398092473], [0.0, 2.546363642020228, 6.453297844444154, 9.304188254624004, 11.140517249880233, 12.024153598139634, 12.024153598145556], [0.0, 2.5614052760648285, 6.500910840233778, 9.39213898922635, 11.275427461852738, 12.197735735481512, 12.197735735487388], [0.0, 2.561405276065833, 6.500910840236584, 9.39213898923064, 11.275427461858076, 12.197735735487388, 12.197735735487388]]
pump2.txt
[[0.0, 2.487983576511657, 6.25988600740067, 8.911307926456297, 10.440003512835277, 10.932498911227015, 10.932498911227015], [0.0, 2.4879835765105587, 6.2598860073976015, 8.911307926451606, 10.44000351282944, 10.932498911220593, 10.932498911227015], [0.0, 2.496638544620077, 6.284476108261006, 8.93814384815381, 10.380313289839311, 10.329103898633779, 10.329103898639994], [0.0, 2.5149770855811058, 6.347345621906193, 9.080587657094334, 10.718111488769585, 11.318335111267508, 11.318335111273576], [0.0, 2.534411766993192, 6.413451225722143, 9.222859258578975, 10.997319485906806, 11.811899535428227, 11.811899535434193], [0.0, 2.546363642020218, 6.453297844444126, 9.304188254623963, 11.140517249880181, 12.024153598139575, 12.024153598145496], [0.0, 2.54636364202123, 6.453297844446954, 9.304188254628285, 11.140517249885558, 12.024153598145496, 12.024153598145496]]
pump3.txt
[[0.0, 2.519370132950678, 6.365838229938348, 9.134908523985535, 10.862409273945387, 11.638317398098549, 11.638317398098549], [0.0, 2.5193701329496068, 6.365838229935355, 9.134908523980963, 10.862409273939697, 11.638317398092287, 11.638317398098549], [0.0, 2.514977085581085, 6.347345621906135, 9.080587657094245, 10.718111488769479, 11.31833511126739, 11.31833511127345], [0.0, 2.511680178663629, 6.3320891040477, 9.026094582751679, 10.515223501806247, 10.502686035969528, 10.502686035975442], [0.0, 2.51497708558009, 6.347345621903356, 9.080587657089998, 10.718111488764192, 11.318335111261574, 11.31833511126739], [0.0, 2.5193701329475924, 6.365838229929729, 9.134908523972358, 10.862409273928995, 11.638317398080508, 11.638317398086278], [0.0, 2.5193701329485787, 6.365838229932484, 9.134908523976573, 10.862409273934237, 11.638317398086278, 11.638317398086278]]
pump4.txt
[[0.0, 0.006976338771799795, 0.01768026814111447, 0.025490926838333722, 0.03052196520917726, 0.0329428867254487, 0.0329428867254487], [0.0, 0.006976338770735149, 0.017680268138140068, 0.025490926833787064, 0.03052196520352035, 0.0329428867192225, 0.0329428867254487], [0.0, 0.0069435939068225976, 0.017571099317419327, 0.025268107663018104, 0.03012964255811484, 0.032361368734367804, 0.03236136874039307], [0.0, 0.006890348203722726, 0.01738998807240888, 0.02487832245090452, 0.02936468913810717, 0.031009137431782602, 0.03100913743766162], [0.0, 0.006840105625356453, 0.017217742828453394, 0.024488065438439403, 0.02843921461841322, 0.028298914929130465, 0.02829891493491462], [0.0, 0.006816393383768328, 0.017150372688564678, 0.02441454236446194, 0.028602749474899266, 0.029952051948792333, 0.029952051954530205], [0.0, 0.006816393384749474, 0.017150372691305794, 0.024414542368652, 0.0286027494801125, 0.029952051954530205, 0.029952051954530205]]
